1000
0 82
475 0
289 0
0 766
0 736
777 0
0 0
238 0
966 0
0 712
0 0
0 975
858 0
0 119
0 451
0 168
0 0
0 648
616 0
0 951
634 0
0 482
0 0
649 0
0 0
741 0
0 764
296 0
10 0
0 0
0 0
308 0
0 0
0 344
0 657
0 778
0 0
0 0
626 0
0 0
18 0
0 549
0 344
0 0
799 0
346 0
237 0
409 0
0 6
955 0
0 0
0 0
0 775
0 0
0 0
0 474
0 0
0 0
960 0
0 0
747 0
991 0
0 0
737 0
0 694
0 272
0 0
481 0
0 811
160 0
0 261
0 628
0 0
0 0
0 0
860 0
55 0
0 0
37 0
0 0
876 0
0 0
627 0
0 0
0 226
40 0
0 0
0 723
577 0
144 0
0 0
0 162
0 0
709 0
0 860
679 0
0 27
0 898
948 0
0 0
0 0
0 868
0 0
723 0
31 0
313 0
0 0
0 0
393 0
394 0
0 459
0 637
950 0
0 0
0 87
0 0
0 0
214 0
0 982
0 795
0 463
84 0
0 0
0 135
0 93
0 558
161 0
696 0
638 0
0 443
386 0
0 510
0 48
204 0
555 0
713 0
668 0
0 844
791 0
0 365
0 151
60 0
0 396
13 0
0 0
513 0
0 0
0 689
110 0
0 0
373 0
697 0
0 440
0 562
429 0
0 582
0 0
0 240
86 0
811 0
965 0
43 0
704 0
0 0
952 0
251 0
0 803
0 496
186 0
0 0
0 0
0 0
0 0
0 6
0 237
780 0
0 587
350 0
248 0
0 0
0 296
154 0
0 0
692 0
760 0
0 0
0 109
0 0
0 472
937 0
64 0
0 0
0 0
0 150
0 0
987 0
0 0
0 0
881 0
374 0
0 0
764 0
296 0
751 0
0 425
0 0
0 0
0 0
0 0
0 655
213 0
0 0
0 0
0 0
0 295
913 0
0 411
0 0
311 0
0 10
0 331
0 0
0 0
641 0
0 291
127 0
418 0
0 0
0 848
0 544
0 773
107 0
291 0
0 0
0 0
0 0
0 0
0 324
0 0
499 0
0 0
0 0
350 0
0 0
0 0
0 0
0 529
218 0
0 793
908 0
0 0
0 0
0 0
0 458
156 0
263 0
0 0
0 923
0 781
0 0
262 0
0 424
0 487
859 0
0 0
585 0
0 0
644 0
0 0
521 0
510 0
26 0
554 0
464 0
0 428
0 289
0 951
0 0
0 0
341 0
0 572
0 0
416 0
0 0
446 0
0 0
981 0
3 0
298 0
0 863
687 0
491 0
734 0
286 0
53 0
0 251
0 258
0 657
0 0
0 0
880 0
0 0
81 0
0 0
0 405
0 625
0 344
0 185
0 0
0 202
563 0
266 0
93 0
0 0
0 232
0 79
715 0
355 0
0 276
0 10
0 0
0 0
0 0
236 0
0 807
0 154
259 0
0 0
0 0
0 167
0 0
510 0
0 463
0 0
228 0
832 0
0 769
0 0
650 0
0 293
0 662
0 0
0 939
588 0
0 170
0 478
660 0
0 0
305 0
874 0
0 57
0 0
116 0
596 0
0 0
0 0
0 0
0 593
0 181
0 994
0 424
0 0
306 0
16 0
0 960
731 0
0 741
0 0
0 0
824 0
0 0
0 972
0 0
679 0
0 0
623 0
0 562
0 0
0 0
0 0
792 0
0 490
0 0
814 0
256 0
0 618
29 0
0 0
657 0
0 122
0 183
0 450
850 0
0 272
0 842
0 0
0 891
21 0
0 0
0 350
0 0
0 0
0 115
0 0
0 0
0 288
0 0
358 0
0 760
0 0
0 0
374 0
647 0
618 0
0 842
296 0
0 0
0 0
0 162
0 825
0 451
271 0
0 120
0 765
700 0
0 0
0 0
0 992
0 0
200 0
0 879
11 0
89 0
15 0
391 0
637 0
527 0
787 0
884 0
0 0
466 0
0 824
0 252
105 0
0 123
0 93
0 0
0 423
167 0
0 498
0 615
0 295
0 148
0 0
140 0
0 421
177 0
0 0
0 0
835 0
0 0
0 375
0 997
325 0
0 222
0 0
0 0
0 0
0 0
33 0
0 829
994 0
0 0
0 5
0 0
0 0
0 0
503 0
0 0
998 0
0 0
0 0
0 0
0 0
0 486
435 0
0 0
0 0
159 0
0 0
0 802
0 645
0 0
0 0
0 404
298 0
0 0
0 0
0 716
0 222
0 288
160 0
121 0
0 0
0 0
0 493
0 0
0 119
0 0
235 0
0 0
0 491
0 0
0 296
689 0
689 0
515 0
0 0
0 383
0 0
0 995
0 39
0 0
0 385
0 165
0 351
8 0
0 0
435 0
774 0
0 753
0 0
0 585
49 0
0 835
730 0
204 0
0 0
265 0
271 0
0 0
0 576
0 779
568 0
0 363
544 0
0 955
0 0
0 0
0 626
10 0
0 282
977 0
480 0
313 0
0 790
0 851
0 574
0 267
0 0
944 0
759 0
0 0
137 0
0 800
0 800
0 59
0 2
79 0
536 0
0 626
706 0
0 81
145 0
225 0
0 34
0 919
0 174
0 0
224 0
0 0
0 633
529 0
744 0
0 0
0 589
0 0
0 0
411 0
638 0
0 869
714 0
636 0
0 40
0 0
790 0
0 0
0 0
706 0
0 0
595 0
0 0
678 0
0 0
593 0
0 0
76 0
681 0
515 0
0 664
0 879
0 0
0 0
488 0
0 197
0 0
0 0
0 0
0 0
0 0
0 715
122 0
0 582
0 257
506 0
552 0
0 0
687 0
0 0
0 0
0 0
0 0
0 0
0 0
0 905
0 0
0 0
687 0
0 288
0 439
0 0
0 0
0 318
0 0
0 118
0 629
0 0
225 0
0 376
490 0
0 39
0 504
733 0
0 560
0 139
716 0
758 0
0 0
0 633
0 0
677 0
1 0
0 0
232 0
106 0
0 0
0 0
0 449
0 522
47 0
0 901
434 0
0 24
0 0
0 0
615 0
0 0
0 770
198 0
0 0
0 290
0 0
0 0
0 105
0 484
0 24
91 0
0 415
0 0
824 0
0 97
0 14
0 218
0 924
359 0
451 0
0 0
0 0
0 0
0 47
0 0
90 0
0 0
723 0
0 0
0 657
0 0
618 0
0 926
0 636
0 0
528 0
0 822
0 342
346 0
0 0
0 618
0 0
0 484
0 878
841 0
0 0
892 0
0 22
0 172
0 0
313 0
0 0
456 0
0 855
0 197
866 0
734 0
0 0
537 0
0 0
285 0
0 0
0 83
0 232
559 0
0 643
0 0
0 0
0 0
0 695
0 0
530 0
360 0
0 0
0 646
0 27
0 906
0 643
0 495
0 426
248 0
0 0
0 0
0 0
0 43
163 0
107 0
0 0
0 325
690 0
0 0
537 0
979 0
0 688
0 739
0 0
484 0
0 0
0 0
0 431
724 0
699 0
628 0
0 0
0 243
0 701
0 935
779 0
0 0
0 0
0 0
0 0
995 0
0 299
0 0
642 0
461 0
586 0
34 0
338 0
0 0
290 0
0 0
0 566
795 0
478 0
0 0
0 0
37 0
0 122
0 0
909 0
0 0
0 846
0 0
0 0
0 0
0 0
0 990
919 0
0 819
447 0
0 0
65 0
0 537
0 0
0 261
0 37
421 0
0 115
0 0
355 0
0 0
452 0
611 0
0 0
0 0
181 0
327 0
0 537
0 0
0 688
0 0
549 0
444 0
0 685
0 240
0 0
357 0
669 0
0 0
0 694
0 0
0 0
563 0
0 0
102 0
0 0
391 0
0 773
0 0
385 0
0 0
320 0
0 0
0 934
376 0
717 0
0 0
0 456
0 0
0 883
308 0
0 850
0 0
0 940
104 0
409 0
0 329
0 442
0 117
0 397
0 0
0 0
0 822
0 0
489 0
0 504
0 228
0 0
874 0
0 535
167 0
0 0
976 0
0 292
0 0
0 239
603 0
0 0
0 0
137 0
0 0
138 0
629 0
0 21
952 0
129 0
238 0
0 0
375 0
0 0
0 0
297 0
0 767
0 0
0 657
0 0
0 0
0 92
0 0
0 0
0 0
941 0
0 0
0 0
0 41
163 0
204 0
0 356
0 252
579 0
0 36
0 380
0 0
0 447
788 0
0 102
760 0
0 0
415 0
0 0
0 0
0 655
0 560
0 834
0 0
0 0
0 770
0 0
0 0
0 149
566 0
0 657
506 0
273 0
0 815
0 924
377 0
0 324
0 872
282 0
0 0
0 174
201 0
0 0
0 0
0 310
50 0
473 0
0 0
789 0
0 467
0 0
0 122
0 153
0 277
0 0
0 0
0 0
0 0
0 0
0 871
0 827
0 48
0 803
0 0
0 749
0 0
0 0
0 0
0 793
0 0
0 972
0 230
0 356
0 396
0 331
0 0
0 0
0 0
0 0
0 926
0 481
